0 0.077869 0.045287 0.073770 0.092213
0 0.159836 0.042213 0.102459 0.081967
0 0.423156 0.062705 0.075820 0.106557
0 0.506148 0.057582 0.127049 0.108607
0 0.587090 0.062705 0.055328 0.073770
0 0.656762 0.055533 0.075820 0.088115
0 0.707992 0.054508 0.075820 0.090164
0 0.835041 0.080123 0.157787 0.161885
0 0.925205 0.049385 0.059426 0.100410
0 0.817623 0.263525 0.180328 0.196721
0 0.934426 0.279918 0.053279 0.081967
0 0.714139 0.271721 0.067623 0.098361
0 0.740779 0.278893 0.034836 0.079918
0 0.662910 0.279918 0.067623 0.098361
0 0.587090 0.266598 0.071721 0.084016
0 0.492828 0.271721 0.104508 0.114754
0 0.420082 0.252254 0.106557 0.112705
0 0.199795 0.290164 0.047131 0.077869
0 0.148566 0.287090 0.075820 0.112705
0 0.072746 0.267623 0.071721 0.073770
